1.7218550420991041 4 -1 
5.0 5.0 0.0 -0.0
0.6611340107602593 1.8407028957457898 -0.09780469087479288 -0.05750991759833111
4.628227098701631 1.8231111085857146 -0.07783968143260614 -0.06390612703172933
1.3773595991235548 1.3961420249300138 -0.09931324933890427 0.08034000406215135
0.0050000000000000044 8.731916583265711 0.06577661835387753 -0.034931840155608664
6.639473059194549 6.06407452739745 0.09316042435452641 -0.02728951534859101
2.550932103659027 0.3878412291121419 -0.04869778515225934 0.060512634731850534
9.246116809265361 7.918265585657004 -0.06129870094649697 8.77228462138846E-4
3.936473500766459 2.8913734206012616 0.030213547209310666 -0.08178518651444283
7.088515364838013 7.4175542324633765 -0.036420814579490805 0.01244505733212107
2.2583413819843017 3.9440015839067173 0.018530056540678942 0.017298874632102067
6.708614943635227 1 -1 
5.0 5.0 0.0 -0.0
0.0050000000000000044 1.4548910031383953 0.09780469087479288 -0.05750991759833111
4.106030648635044 1.3943895097908041 -0.07783968143260614 -0.06390612703172933
0.7111052505076103 1.9351121767530772 -0.09931324933890427 0.08034000406215135
0.44627000483061396 8.497572318389118 0.06577661835387753 -0.034931840155608664
7.2644504741747244 5.880999676925329 0.09316042435452641 -0.02728951534859101
2.2242374144646426 0.7937971947529745 -0.04869778515225934 0.060512634731850534
8.834887428070266 7.924150573627091 -0.06129870094649697 8.77228462138846E-4
4.139164555075069 2.342708096182476 0.030213547209310666 -0.08178518651444283
6.844182143890674 7.501043330056041 -0.036420814579490805 0.01244505733212107
2.3826523961995063 4.0600530727717095 0.018530056540678942 0.017298874632102067
7.109879650579569 3 -1 
5.0 5.0 0.0 -0.0
0.7003795813819151 1.0460024102995131 0.09780469087479288 -0.05750991759833111
3.552599881609761 0.9400246376605588 -0.07783968143260614 -0.06390612703172933
0.0050000000000000044 2.506319936762047 0.09931324933890427 0.08034000406215135
0.9139338451487864 8.249211138909457 0.06577661835387753 -0.034931840155608664
7.926809879532329 5.686974507074203 0.09316042435452641 -0.02728951534859101
1.878002022782298 1.224034745035913 -0.04869778515225934 0.060512634731850534
8.399061041603805 7.930387562418961 -0.06129870094649697 8.77228462138846E-4
4.353979239550371 1.7612252628645844 0.030213547209310666 -0.08178518651444283
6.58523453545442 7.589526189931985 -0.036420814579490805 0.01244505733212107
2.5143988681221683 4.183045989496419 0.018530056540678942 0.017298874632102067
14.63122052751405 2 -1 
5.0 5.0 0.0 -0.0
2.131381582196351 0.20456212339916957 0.09780469087479288 -0.05750991759833111
2.41371033677786 0.0050000000000000044 -0.07783968143260614 0.06390612703172933
1.4580740523814972 3.681792253376758 0.09931324933890427 0.08034000406215135
1.8763260538384967 7.738115682160876 0.06577661835387753 -0.034931840155608664
9.289860592700196 5.287695589919989 0.09316042435452641 -0.02728951534859101
1.1654939890180924 2.1094084484985243 -0.04869778515225934 0.060512634731850534
7.502186230005473 7.9432224855015265 -0.06129870094649697 8.77228462138846E-4
4.796040311688253 0.5646081630879032 0.030213547209310666 -0.08178518651444283
6.052353565550192 7.771612568235804 -0.036420814579490805 0.01244505733212107
2.785516211756146 4.436149639116523 0.018530056540678942 0.017298874632102067
1.6627629908112014 1 2 
5.0 5.0 0.0 -0.0
2.2940076025106864 0.1089367608120628 -0.09579763109543138 -0.011250536079588654
2.2842813952751886 0.11126074291443884 0.11576264053761812 0.01764674551298688
1.6232084478794322 3.8153786388129247 0.09931324933890427 0.08034000406215135
1.9856969804980371 7.680032311149197 0.06577661835387753 -0.034931840155608664
9.444764298525168 5.242319593761177 0.09316042435452641 -0.02728951534859101
1.0845211141324405 2.210026618007122 -0.04869778515225934 0.060512634731850534
7.400261018686835 7.9446811085228575 -0.06129870094649697 8.77228462138846E-4
4.846278279809021 0.42861878175509627 0.030213547209310666 -0.08178518651444283
5.991794382972217 7.792305748986179 -0.036420814579490805 0.01244505733212107
2.8163273039896257 4.464913567637465 0.018530056540678942 0.017298874632102067
0.0873173929924512 1 2 
5.0 5.0 0.0 -0.0
2.2856428031085807 0.1079543933318256 0.07830706551146024 0.08523440611447086
2.2943894872528556 0.1128016107274341 -0.05834205606927351 -0.07883819668107264
1.6318802219013147 3.822393718520635 0.09931324933890427 0.08034000406215135
1.991440423332557 7.67698215393438 0.06577661835387753 -0.034931840155608664
9.452898823909877 5.239936744424911 0.09316042435452641 -0.02728951534859101
1.0802689504884386 2.2153104235150116 -0.04869778515225934 0.060512634731850534
7.394908575926363 7.94475770582523 -0.06129870094649697 8.77228462138846E-4
4.848916447984393 0.42147751248325377 0.030213547209310666 -0.08178518651444283
5.988614212392474 7.793392418948061 -0.036420814579490805 0.01244505733212107
2.8179453002187604 4.466424060272043 0.018530056540678942 0.017298874632102067
0.08731739299244777 1 2 
5.0 5.0 0.0 -0.0
2.2924803719219304 0.11539683946700074 0.014905728023295206 -0.1034506750538175
2.2892952110150673 0.10591766492501699 0.005059281418891531 0.10984688448721572
1.6405519959231967 3.8294087982283447 0.09931324933890427 0.08034000406215135
1.9971838661670769 7.673931996719563 0.06577661835387753 -0.034931840155608664
9.461033349294585 5.237553895088645 0.09316042435452641 -0.02728951534859101
1.076016786844437 2.2205942290229013 -0.04869778515225934 0.060512634731850534
7.3895561331658906 7.944834303127603 -0.06129870094649697 8.77228462138846E-4
4.851554616159764 0.41433624321141155 0.030213547209310666 -0.08178518651444283
5.985434041812732 7.794479088909943 -0.036420814579490805 0.01244505733212107
2.819563296447895 4.4679345529066214 0.018530056540678942 0.017298874632102067
0.08731739299244648 1 2 
5.0 5.0 0.0 -0.0
2.293781901233579 0.10636379621799269 -0.06560944419639174 0.07859079410419242
2.28973697427898 0.11550920850678308 0.08557445363857848 -0.0721945846707942
1.6492237699450787 3.8364238779360544 0.09931324933890427 0.08034000406215135
2.0029273090015964 7.670881839504747 0.06577661835387753 -0.034931840155608664
9.469167874679291 5.235171045752379 0.09316042435452641 -0.02728951534859101
1.0717646232004354 2.2258780345307905 -0.04869778515225934 0.060512634731850534
7.3842036904054185 7.944910900429976 -0.06129870094649697 8.77228462138846E-4
4.854192784335136 0.4071949739395694 0.030213547209310666 -0.08178518651444283
5.982253871232989 7.795565758871826 -0.036420814579490805 0.01244505733212107
2.82118129267703 4.4694450455412 0.018530056540678942 0.017298874632102067
0.08731739299244873 1 2 
5.0 5.0 0.0 -0.0
2.2880530556106664 0.11322613947237709 0.11664390765820683 -0.0014436059281493774
2.297209112477454 0.10920536558515673 -0.09667889821602009 0.007839815361547597
1.657895543966961 3.843438957643764 0.09931324933890427 0.08034000406215135
2.0086707518361164 7.667831682289931 0.06577661835387753 -0.034931840155608664
9.477302400064 5.232788196416113 0.09316042435452641 -0.02728951534859101
1.0675124595564338 2.23116184003868 -0.04869778515225934 0.060512634731850534
7.378851247644946 7.944987497732349 -0.06129870094649697 8.77228462138846E-4
4.856830952510507 0.40005370466772705 0.030213547209310666 -0.08178518651444283
5.979073700653246 7.796652428833708 -0.036420814579490805 0.01244505733212107
2.8227992889061646 4.470955538175778 0.018530056540678942 0.017298874632102067
0.0873173929924461 1 2 
5.0 5.0 0.0 -0.0
2.2982380975358327 0.11310008756622264 -0.07187317076240408 -0.06534274985460845
2.288767363127849 0.10988991782406919 0.09183818020459082 0.07173895928800667
1.6665673179888427 3.850454037351474 0.09931324933890427 0.08034000406215135
2.014414194670636 7.664781525075115 0.06577661835387753 -0.034931840155608664
9.485436925448706 5.230405347079847 0.09316042435452641 -0.02728951534859101
1.0632602959124322 2.2364456455465693 -0.04869778515225934 0.060512634731850534
7.373498804884474 7.945064095034722 -0.06129870094649697 8.77228462138846E-4
4.859469120685879 0.39291243539588494 0.030213547209310666 -0.08178518651444283
5.975893530073503 7.79773909879559 -0.036420814579490805 0.01244505733212107
2.8244172851352993 4.472466030810356 0.018530056540678942 0.017298874632102067
0.08731739299244277 1 2 
5.0 5.0 0.0 -0.0
2.291962319638759 0.10739452899796091 0.024151892432895145 0.10901600871265393
2.296786433600484 0.11615397672508893 -0.004186882990708407 -0.10261979927925571
1.6752390920107243 3.8574691170591833 0.09931324933890427 0.08034000406215135
2.0201576375051555 7.661731367860298 0.06577661835387753 -0.034931840155608664
9.493571450833413 5.228022497743581 0.09316042435452641 -0.02728951534859101
1.0590081322684308 2.2417294510544585 -0.04869778515225934 0.060512634731850534
7.368146362124003 7.945140692337095 -0.06129870094649697 8.77228462138846E-4
4.8621072888612495 0.3857711661240431 0.030213547209310666 -0.08178518651444283
5.972713359493762 7.798825768757473 -0.036420814579490805 0.01244505733212107
2.826035281364434 4.473976523444934 0.018530056540678942 0.017298874632102067
0.08731739299244273 1 2 
5.0 5.0 0.0 -0.0
2.294071199921833 0.11691352267319127 0.07092211897712566 -0.08446353893975
2.2964208458929707 0.10719348338261656 -0.050957109534938934 0.09085974837314822
1.6839108660326059 3.8644841967668926 0.09931324933890427 0.08034000406215135
2.025901080339675 7.658681210645482 0.06577661835387753 -0.034931840155608664
9.501705976218119 5.225639648407315 0.09316042435452641 -0.02728951534859101
1.0547559686244294 2.2470132565623477 -0.04869778515225934 0.060512634731850534
7.362793919363532 7.9452172896394675 -0.06129870094649697 8.77228462138846E-4
4.86474545703662 0.3786298968522013 0.030213547209310666 -0.08178518651444283
5.96953318891402 7.799912438719355 -0.036420814579490805 0.01244505733212107
2.8276532775935688 4.475487016079512 0.018530056540678942 0.017298874632102067
0.08731739299244386 1 2 
5.0 5.0 0.0 -0.0
2.3002639344564155 0.10953838665005654 -0.09414254860464064 0.026781438326170373
2.2919714039339496 0.1151271197385093 0.11410755804682737 -0.020385228892772153
1.6925826400544874 3.871499276474602 0.09931324933890427 0.08034000406215135
2.0316445231741946 7.655631053430666 0.06577661835387753 -0.034931840155608664
9.509840501602826 5.223256799071049 0.09316042435452641 -0.02728951534859101
1.050503804980428 2.252297062070237 -0.04869778515225934 0.060512634731850534
7.357441476603061 7.94529388694184 -0.06129870094649697 8.77228462138846E-4
4.867383625211992 0.37148862758035933 0.030213547209310666 -0.08178518651444283
5.966353018334277 7.800999108681237 -0.036420814579490805 0.01244505733212107
2.8292712738227035 4.47699750871409 0.018530056540678942 0.017298874632102067
0.0873173929924492 1 2 
5.0 5.0 0.0 -0.0
2.2920436525425933 0.1118768720252858 0.1027464967867335 0.05604734435426453
2.301934978423333 0.11334713469603808 -0.08278148734454677 -0.04965113492086631
1.7012544140763697 3.8785143561823117 0.09931324933890427 0.08034000406215135
2.0373879660087146 7.6525808962158495 0.06577661835387753 -0.034931840155608664
9.517975026987534 5.2208739497347825 0.09316042435452641 -0.02728951534859101
1.0462516413364265 2.2575808675781266 -0.04869778515225934 0.060512634731850534
7.352089033842589 7.945370484244213 -0.06129870094649697 8.77228462138846E-4
4.870021793387363 0.36434735830851694 0.030213547209310666 -0.08178518651444283
5.963172847754534 7.80208577864312 -0.036420814579490805 0.01244505733212107
2.830889270051838 4.478508001348668 0.018530056540678942 0.017298874632102067
0.08731739299244923 1 2 
5.0 5.0 0.0 -0.0
2.3010152087811178 0.11677078001845025 -0.022825482195460906 -0.09839833394483158
2.2947067147603697 0.10901172703563167 0.04279049163764764 0.1047945433782298
1.709926188098252 3.8855294358900214 0.09931324933890427 0.08034000406215135
2.0431314088432346 7.649530739001033 0.06577661835387753 -0.034931840155608664
9.526109552372242 5.218491100398516 0.09316042435452641 -0.02728951534859101
1.0419994776924248 2.2628646730860162 -0.04869778515225934 0.060512634731850534
7.3467365910821165 7.945447081546586 -0.06129870094649697 8.77228462138846E-4
4.872659961562735 0.35720608903667456 0.030213547209310666 -0.08178518651444283
5.9599926771747915 7.803172448605002 -0.036420814579490805 0.01244505733212107
2.832507266280973 4.480018493983247 0.018530056540678942 0.017298874632102067
0.08731739299244899 1 2 
5.0 5.0 0.0 -0.0
2.2990221471820145 0.10817889402358716 -0.03435216371718016 0.10031987121984298
2.2984430689350344 0.1181621133632528 0.0543171731593669 -0.09392366178644476
1.7185979621201342 3.892544515597731 0.09931324933890427 0.08034000406215135
2.0488748516777546 7.646480581786217 0.06577661835387753 -0.034931840155608664
9.53424407775695 5.21610825106225 0.09316042435452641 -0.02728951534859101
1.0377473140484232 2.268148478593906 -0.04869778515225934 0.060512634731850534
7.341384148321644 7.945523678848959 -0.06129870094649697 8.77228462138846E-4
4.875298129738106 0.3500648197648322 0.030213547209310666 -0.08178518651444283
5.956812506595049 7.804259118566884 -0.036420814579490805 0.01244505733212107
2.8341252625101077 4.481528986617825 0.018530056540678942 0.017298874632102067
0.0873173929924499 1 2 
5.0 5.0 0.0 -0.0
2.2960226058025803 0.11693856364384216 0.10823486075332556 -0.038571200859764815
2.30318590289003 0.10996094407575585 -0.08826985131113882 0.044967410293163035
1.7272697361420164 3.899559595305441 0.09931324933890427 0.08034000406215135
2.0546182945122746 7.6434304245714 0.06577661835387753 -0.034931840155608664
9.542378603141659 5.213725401725984 0.09316042435452641 -0.02728951534859101
1.0334951504044214 2.2734322841017955 -0.04869778515225934 0.060512634731850534
7.336031705561172 7.945600276151332 -0.06129870094649697 8.77228462138846E-4
4.877936297913478 0.3429235504929898 0.030213547209310666 -0.08178518651444283
5.953632336015306 7.805345788528767 -0.036420814579490805 0.01244505733212107
2.8357432587392424 4.483039479252403 0.018530056540678942 0.017298874632102067
0.08731739299244462 1 2 
5.0 5.0 0.0 -0.0
2.305473391674461 0.11357062694017955 -0.09071748439332833 -0.03226613849500641
2.2954784095937106 0.11388738111217647 0.11068249383551507 0.03866234792840463
1.7359415101638982 3.9065746750131503 0.09931324933890427 0.08034000406215135
2.060361737346794 7.6403802673565835 0.06577661835387753 -0.034931840155608664
9.550513128526365 5.211342552389718 0.09316042435452641 -0.02728951534859101
1.02924298676042 2.2787160896096847 -0.04869778515225934 0.060512634731850534
7.330679262800701 7.945676873453705 -0.06129870094649697 8.77228462138846E-4
4.8805744660888495 0.3357822812211478 0.030213547209310666 -0.08178518651444283
5.950452165435563 7.806432458490649 -0.036420814579490805 0.01244505733212107
2.837361254968377 4.484549971886981 0.018530056540678942 0.017298874632102067
0.08731739299244605 1 2 
5.0 5.0 0.0 -0.0
2.2975521774384027 0.11075323184486238 0.06037786591998792 0.09731775157035287
2.3051429164053303 0.11726327654025166 -0.040412856477801185 -0.09092154213695465
1.74461328418578 3.91358975472086 0.09931324933890427 0.08034000406215135
2.0661051801813137 7.637330110141767 0.06577661835387753 -0.034931840155608664
9.558647653911072 5.208959703053452 0.09316042435452641 -0.02728951534859101
1.0249908231164184 2.283999895117574 -0.04869778515225934 0.060512634731850534
7.325326820040229 7.9457534707560775 -0.06129870094649697 8.77228462138846E-4
4.883212634264221 0.3286410119493057 0.030213547209310666 -0.08178518651444283
5.947271994855821 7.807519128452531 -0.036420814579490805 0.01244505733212107
2.838979251197512 4.486060464521559 0.018530056540678942 0.017298874632102067
0.08731739299244683 1 2 
5.0 5.0 0.0 -0.0
2.3028242152849834 0.11925076420387219 0.036291667509397496 -0.10027183443280306
2.301614171134311 0.10932424451399989 -0.01632665806721076 0.10666804386620128
1.753285058207662 3.9206048344285698 0.09931324933890427 0.08034000406215135
2.0718486230158333 7.634279952926951 0.06577661835387753 -0.034931840155608664
9.566782179295778 5.206576853717186 0.09316042435452641 -0.02728951534859101
1.0207386594724168 2.289283700625463 -0.04869778515225934 0.060512634731850534
7.319974377279757 7.94583006805845 -0.06129870094649697 8.77228462138846E-4
4.885850802439593 0.3214997426774635 0.030213547209310666 -0.08178518651444283
5.944091824276078 7.808605798414414 -0.036420814579490805 0.01244505733212107
2.8405972474266465 4.487570957156137 0.018530056540678942 0.017298874632102067
0.08731739299244677 1 2 
5.0 5.0 0.0 -0.0
2.3059931090792527 0.11049528903062958 -0.07924897776376742 0.06181502111271302
2.300188569915603 0.11863822002000053 0.09921398720595416 -0.0554188116793148
1.761956832229544 3.9276199141362795 0.09931324933890427 0.08034000406215135
2.077592065850353 7.631229795712135 0.06577661835387753 -0.034931840155608664
9.574916704680485 5.20419400438092 0.09316042435452641 -0.02728951534859101
1.0164864958284152 2.2945675061333524 -0.04869778515225934 0.060512634731850534
7.314621934519285 7.945906665360823 -0.06129870094649697 8.77228462138846E-4
4.888488970614964 0.31435847340562134 0.030213547209310666 -0.08178518651444283
5.940911653696335 7.809692468376296 -0.036420814579490805 0.01244505733212107
2.8422152436557813 4.489081449790715 0.018530056540678942 0.017298874632102067
0.08731739299244652 1 2 
5.0 5.0 0.0 -0.0
2.299073294943604 0.11589281552196472 0.11539188821238693 0.020141015511771165
2.308851676626813 0.11379919386142341 -0.09542687877020019 -0.013744806078372945
1.770628606251426 3.9346349938439893 0.09931324933890427 0.08034000406215135
2.0833355086848724 7.628179638497318 0.06577661835387753 -0.034931840155608664
9.583051230065191 5.201811155044654 0.09316042435452641 -0.02728951534859101
1.0122343321844136 2.2998513116412416 -0.04869778515225934 0.060512634731850534
7.309269491758813 7.945983262663196 -0.06129870094649697 8.77228462138846E-4
4.891127138790336 0.3072172041337792 0.030213547209310666 -0.08178518651444283
5.937731483116592 7.810779138338178 -0.036420814579490805 0.01244505733212107
2.843833239884916 4.490591942425294 0.018530056540678942 0.017298874632102067
0.0873173929924434 1 2 
5.0 5.0 0.0 -0.0
2.3091490137947854 0.11765147648867294 -0.05638547579812493 -0.08042899326013608
2.300519250351193 0.1125990332274732 0.07635048524031167 0.0868252026935343
1.7793003802733076 3.9416500735516986 0.09931324933890427 0.08034000406215135
2.089078951519392 7.625129481282502 0.06577661835387753 -0.034931840155608664
9.591185755449898 5.199428305708388 0.09316042435452641 -0.02728951534859101
1.0079821685404122 2.3051351171491308 -0.04869778515225934 0.060512634731850534
7.303917048998342 7.946059859965569 -0.06129870094649697 8.77228462138846E-4
4.893765306965707 0.3000759348619373 0.030213547209310666 -0.08178518651444283
5.93455131253685 7.811865808300061 -0.036420814579490805 0.01244505733212107
2.8454512361140507 4.492102435059872 0.018530056540678942 0.017298874632102067
0.0873173929924372 1 2 
5.0 5.0 0.0 -0.0
2.304225581045455 0.11062862647619155 0.002541838884885461 0.10970085982726324
2.307185975676085 0.12018038357271255 0.017423170557301276 -0.10330465039386502
1.7879721542951885 3.9486651532594075 0.09931324933890427 0.08034000406215135
2.094822394353911 7.622079324067686 0.06577661835387753 -0.034931840155608664
9.599320280834604 5.197045456372122 0.09316042435452641 -0.02728951534859101
1.003730004896411 2.3104189226570195 -0.04869778515225934 0.060512634731850534
7.29856460623787 7.946136457267942 -0.06129870094649697 8.77228462138846E-4
4.896403475141078 0.2929346655900959 0.030213547209310666 -0.08178518651444283
5.931371141957108 7.812952478261943 -0.036420814579490805 0.01244505733212107
2.8470692323431854 4.49361292769445 0.018530056540678942 0.017298874632102067
0.08731739299243524 1 2 
5.0 5.0 0.0 -0.0
2.30444752779029 0.12020741956533675 0.08733398187183443 -0.0703882346189835
2.308707321506811 0.1111600908163253 -0.06736897242964769 0.07678444405238172
1.7966439283170694 3.9556802329671163 0.09931324933890427 0.08034000406215135
2.10056583718843 7.61902916685287 0.06577661835387753 -0.034931840155608664
9.60745480621931 5.1946626070358555 0.09316042435452641 -0.02728951534859101
0.99947784125241 2.3157027281649083 -0.04869778515225934 0.060512634731850534
7.293212163477399 7.946213054570315 -0.06129870094649697 8.77228462138846E-4
4.8990416433164485 0.2857933963182547 0.030213547209310666 -0.08178518651444283
5.928190971377366 7.814039148223825 -0.036420814579490805 0.01244505733212107
2.84868722857232 4.495123420329028 0.018530056540678942 0.017298874632102067
0.08731739299243153 1 2 
5.0 5.0 0.0 -0.0
2.3120733034069865 0.11406130242106749 -0.09675877329422312 0.005319406647637831
2.3028248384656753 0.1178647082933525 0.11672378273640986 0.001076802785760389
1.80531570233895 3.9626953126748248 0.09931324933890427 0.08034000406215135
2.106309280022949 7.615979009638053 0.06577661835387753 -0.034931840155608664
9.615589331604017 5.192279757699589 0.09316042435452641 -0.02728951534859101
0.9952256776084092 2.3209865336727966 -0.04869778515225934 0.060512634731850534
7.287859720716928 7.9462896518726875 -0.06129870094649697 8.77228462138846E-4
4.901679811491819 0.27865212704641373 0.030213547209310666 -0.08178518651444283
5.925010800797624 7.815125818185708 -0.036420814579490805 0.01244505733212107
2.8503052248014544 4.496633912963606 0.018530056540678942 0.017298874632102067
0.08731739299243853 1 2 
5.0 5.0 0.0 -0.0
2.3036245795737886 0.11452577914180587 0.09019655911456574 0.07365309625020464
2.3130168548744345 0.11795873190537208 -0.070231549672379 -0.06725688681680642
1.813987476360831 3.9697103923825336 0.09931324933890427 0.08034000406215135
2.112052722857468 7.612928852423237 0.06577661835387753 -0.034931840155608664
9.623723856988724 5.189896908363323 0.09316042435452641 -0.02728951534859101
0.990973513964408 2.3262703391806854 -0.04869778515225934 0.060512634731850534
7.282507277956457 7.94636624917506 -0.06129870094649697 8.77228462138846E-4
4.90431797966719 0.27151085777457223 0.030213547209310666 -0.08178518651444283
5.921830630217882 7.81621248814759 -0.036420814579490805 0.01244505733212107
2.851923221030589 4.498144405598184 0.018530056540678942 0.017298874632102067
0.08731739299244018 1 2 
5.0 5.0 0.0 -0.0
2.311500307972561 0.120956975492195 -0.001683738260382997 -0.10292493297504049
2.306884419051223 0.11208603588774092 0.021648747702569734 0.10932114240843871
1.8226592503827124 3.976725472090243 0.09931324933890427 0.08034000406215135
2.117796165691987 7.609878695208421 0.06577661835387753 -0.034931840155608664
9.63185838237343 5.187514059027057 0.09316042435452641 -0.02728951534859101
0.9867213503204068 2.331554144688574 -0.04869778515225934 0.060512634731850534
7.277154835195986 7.946442846477433 -0.06129870094649697 8.77228462138846E-4
4.9069561478425605 0.2643695885027306 0.030213547209310666 -0.08178518651444283
5.91865045963814 7.817299158109472 -0.036420814579490805 0.01244505733212107
2.853541217259724 4.499654898232762 0.018530056540678942 0.017298874632102067
0.08731739299244028 1 2 
5.0 5.0 0.0 -0.0
2.3113532883371826 0.11196983867089282 -0.05301049132758277 0.08939603278366032
2.3087747312621625 0.1216316730418011 0.07297550076976951 -0.0829998233502621
1.8313310244045937 3.9837405517979523 0.09931324933890427 0.08034000406215135
2.123539608526506 7.6068285379936045 0.06577661835387753 -0.034931840155608664
9.639992907758137 5.185131209690791 0.09316042435452641 -0.02728951534859101
0.9824691866764055 2.3368379501964633 -0.04869778515225934 0.060512634731850534
7.271802392435514 7.946519443779806 -0.06129870094649697 8.77228462138846E-4
4.909594316017931 0.257228319230889 0.030213547209310666 -0.08178518651444283
5.915470289058399 7.818385828071355 -0.036420814579490805 0.01244505733212107
2.8551592134888586 4.501165390867341 0.018530056540678942 0.017298874632102067
0.08731739299243897 1 2 
5.0 5.0 0.0 -0.0
2.3067245504332097 0.11977566719742865 0.11463550119213166 -0.017919439739457088
2.3151467617416963 0.11438434484802325 -0.09467049174994492 0.024315649172855308
1.8400027984264749 3.990755631505661 0.09931324933890427 0.08034000406215135
2.1292830513610252 7.603778380778788 0.06577661835387753 -0.034931840155608664
9.648127433142843 5.182748360354525 0.09316042435452641 -0.02728951534859101
0.9782170230324043 2.342121755704352 -0.04869778515225934 0.060512634731850534
7.266449949675043 7.946596041082179 -0.06129870094649697 8.77228462138846E-4
4.912232484193302 0.2500870499590475 0.030213547209310666 -0.08178518651444283
5.912290118478657 7.819472498033237 -0.036420814579490805 0.01244505733212107
2.8567772097179933 4.502675883501919 0.018530056540678942 0.017298874632102067
0.08731739299244082 1 2 
5.0 5.0 0.0 -0.0
2.3167342235416886 0.11821098843549412 -0.08150742582856767 -0.051827279991119864
2.306880381208779 0.11650752394271577 0.1014724352707544 0.058223489424518084
1.8486745724483562 3.9977707112133705 0.09931324933890427 0.08034000406215135
2.1350264941955444 7.600728223563972 0.06577661835387753 -0.034931840155608664
9.65626195852755 5.180365511018259 0.09316042435452641 -0.02728951534859101
0.973964859388403 2.3474055612122413 -0.04869778515225934 0.060512634731850534
7.261097506914572 7.946672638384552 -0.06129870094649697 8.77228462138846E-4
4.9148706523686725 0.24294578068720585 0.030213547209310666 -0.08178518651444283
5.909109947898915 7.820559167995119 -0.036420814579490805 0.01244505733212107
2.858395205947128 4.504186376136497 0.018530056540678942 0.017298874632102067
0.08731739299244014 1 2 
5.0 5.0 0.0 -0.0
2.3096172076088135 0.11368556546078028 0.04038184981870545 0.10554105841582295
2.3157406897172153 0.1215914472501876 -0.02041684037651871 -0.09914484898242473
1.8573463464702376 4.00478579092108 0.09931324933890427 0.08034000406215135
2.1407699370300635 7.597678066349156 0.06577661835387753 -0.034931840155608664
9.664396483912256 5.177982661681993 0.09316042435452641 -0.02728951534859101
0.9697126957444018 2.35268936672013 -0.04869778515225934 0.060512634731850534
7.255745064154101 7.946749235686925 -0.06129870094649697 8.77228462138846E-4
4.917508820544043 0.23580451141536424 0.030213547209310666 -0.08178518651444283
5.905929777319173 7.821645837957002 -0.036420814579490805 0.01244505733212107
2.8600132021762628 4.505696868771075 0.018530056540678942 0.017298874632102067
0.08731739299244114 1 2 
5.0 5.0 0.0 -0.0
2.3131432454591954 0.12290113553531287 0.05659861458992867 -0.09284948065076917
2.3139579444423948 0.112934377508413 -0.03663360514774193 0.09924569008416739
1.866018120492119 4.011800870628789 0.09931324933890427 0.08034000406215135
2.146513379864583 7.594627909134339 0.06577661835387753 -0.034931840155608664
9.672531009296963 5.175599812345727 0.09316042435452641 -0.02728951534859101
0.9654605321004005 2.3579731722280193 -0.04869778515225934 0.060512634731850534
7.25039262139363 7.946825832989298 -0.06129870094649697 8.77228462138846E-4
4.920146988719414 0.22866324214352254 0.030213547209310666 -0.08178518651444283
5.902749606739431 7.822732507918884 -0.036420814579490805 0.01244505733212107
2.8616311984053975 4.507207361405653 0.018530056540678942 0.017298874632102067
0.08731739299244322 1 2 
5.0 5.0 0.0 -0.0
2.318085288932172 0.1147937609441854 -0.0892289463075648 0.042635248870542375
2.3107591935449796 0.12160025243229847 0.10919395574975153 -0.036239039437144155
1.8746898945140005 4.018815950336498 0.09931324933890427 0.08034000406215135
2.1522568226991026 7.591577751919523 0.06577661835387753 -0.034931840155608664
9.680665534681669 5.173216963009461 0.09316042435452641 -0.02728951534859101
0.9612083684563991 2.3632569777359085 -0.04869778515225934 0.060512634731850534
7.245040178633158 7.94690243029167 -0.06129870094649697 8.77228462138846E-4
4.922785156894785 0.22152197287168068 0.030213547209310666 -0.08178518651444283
5.899569436159688 7.823819177880766 -0.036420814579490805 0.01244505733212107
2.863249194634532 4.508717854040231 0.018530056540678942 0.017298874632102067
0.08731739299244844 1 2 
5.0 5.0 0.0 -0.0
2.3102940499611324 0.1185165597251454 0.10981681503888767 0.041030773636430276
2.3202937250915805 0.11843595398409651 -0.08985180559670093 -0.034634564203032056
1.8833616685358825 4.025831030044208 0.09931324933890427 0.08034000406215135
2.1580002655336226 7.588527594704707 0.06577661835387753 -0.034931840155608664
9.688800060066377 5.170834113673195 0.09316042435452641 -0.02728951534859101
0.9569562048123975 2.368540783243798 -0.04869778515225934 0.060512634731850534
7.239687735872686 7.946979027594043 -0.06129870094649697 8.77228462138846E-4
4.925423325070157 0.21438070359983838 0.030213547209310666 -0.08178518651444283
5.896389265579946 7.824905847842649 -0.036420814579490805 0.01244505733212107
2.864867190863667 4.510228346674809 0.018530056540678942 0.017298874632102067
0.0873173929924584 1 2 
5.0 5.0 0.0 -0.0
2.319882967957063 0.12209925991154218 -0.03817589464041453 -0.09208551887705686
2.3124480996712116 0.11541175413045783 0.058140904082601266 0.09848172831045508
1.8920334425577656 4.032846109751919 0.09931324933890427 0.08034000406215135
2.163743708368143 7.58547743748989 0.06577661835387753 -0.034931840155608664
9.696934585451086 5.168451264336928 0.09316042435452641 -0.02728951534859101
0.9527040411683954 2.3738245887516882 -0.04869778515225934 0.060512634731850534
7.234335293112214 7.947055624896416 -0.06129870094649697 8.77228462138846E-4
4.9280614932455284 0.20723943432799527 0.030213547209310666 -0.08178518651444283
5.893209095000203 7.825992517804531 -0.036420814579490805 0.01244505733212107
2.8664851870928016 4.511738839309388 0.018530056540678942 0.017298874632102067
0.0873173929924619 1 2 
5.0 5.0 0.0 -0.0
2.316549548361907 0.11405859247083944 -0.01876305778702446 0.10601781581486801
2.317524811841929 0.1240109219039187 0.0387280672292112 -0.09962160638146979
1.9007052165796492 4.0398611894596295 0.09931324933890427 0.08034000406215135
2.169487151202664 7.5824272802750725 0.06577661835387753 -0.034931840155608664
9.705069110835794 5.166068415000661 0.09316042435452641 -0.02728951534859101
0.9484518775243931 2.3791083942595783 -0.04869778515225934 0.060512634731850534
7.228982850351741 7.947132222198789 -0.06129870094649697 8.77228462138846E-4
4.9306996614209 0.20009816505615188 0.030213547209310666 -0.08178518651444283
5.89002892442046 7.827079187766413 -0.036420814579490805 0.01244505733212107
2.868103183321937 4.513249331943966 0.018530056540678942 0.017298874632102067
0.0873173929924621 1 2 
5.0 5.0 0.0 -0.0
2.3149112070713773 0.12331579175854873 0.10057350298289403 -0.05329500449274442
2.3209064457080206 0.11531222294896754 -0.08060849354070729 0.05969121392614264
1.9093769906015328 4.04687626916734 0.09931324933890427 0.08034000406215135
2.1752305940371848 7.579377123060255 0.06577661835387753 -0.034931840155608664
9.713203636220502 5.163685565664394 0.09316042435452641 -0.02728951534859101
0.9441997138803908 2.3843921997674684 -0.04869778515225934 0.060512634731850534
7.223630407591268 7.947208819501162 -0.06129870094649697 8.77228462138846E-4
4.9333378295962715 0.19295689578430847 0.030213547209310666 -0.08178518651444283
5.8868487538407175 7.828165857728296 -0.036420814579490805 0.01244505733212107
2.869721179551072 4.514759824578545 0.018530056540678942 0.017298874632102067
0.08731739299245989 1 2 
5.0 5.0 0.0 -0.0
2.323693023155963 0.11866221090672086 -0.09499732054617985 -0.016229623948093734
2.3138679221989964 0.12052430413355353 0.11496232998836659 0.022625833381491954
1.9180487646234161 4.053891348875051 0.09931324933890427 0.08034000406215135
2.180974036871705 7.576326965845438 0.06577661835387753 -0.034931840155608664
9.72133816160521 5.161302716328127 0.09316042435452641 -0.02728951534859101
0.9399475502363887 2.3896760052753585 -0.04869778515225934 0.060512634731850534
7.218277964830795 7.947285416803535 -0.06129870094649697 8.77228462138846E-4
4.935975997771643 0.18581562651246522 0.030213547209310666 -0.08178518651444283
5.883668583260975 7.829252527690178 -0.036420814579490805 0.01244505733212107
2.871339175780207 4.516270317213123 0.018530056540678942 0.017298874632102067
0.0873173929924585 1 2 
5.0 5.0 0.0 -0.0
2.3153981047846015 0.11724508245432534 0.07435687952968073 0.0883693452983857
2.323906133145919 0.12249993291870714 -0.05439187008749399 -0.08197313586498747
1.9267205386452992 4.060906428582761 0.09931324933890427 0.08034000406215135
2.1867174797062257 7.573276808630621 0.06577661835387753 -0.034931840155608664
9.729472686989919 5.15891986699186 0.09316042435452641 -0.02728951534859101
0.9356953865923865 2.3949598107832486 -0.04869778515225934 0.060512634731850534
7.212925522070323 7.947362014105908 -0.06129870094649697 8.77228462138846E-4
4.938614165947015 0.1786743572406221 0.030213547209310666 -0.08178518651444283
5.880488412681232 7.83033919765206 -0.036420814579490805 0.01244505733212107
2.872957172009342 4.517780809847701 0.018530056540678942 0.017298874632102067
0.08731739299245828 1 2 
5.0 5.0 0.0 -0.0
2.3218907536561875 0.12496126330623072 0.019936462084813235 -0.10309920986377996
2.3191567768498946 0.11534225239955986 2.8547357373502613E-5 0.10949541929717818
1.9353923126671824 4.067921508290472 0.09931324933890427 0.08034000406215135
2.192460922540746 7.570226651415804 0.06577661835387753 -0.034931840155608664
9.737607212374627 5.156537017655593 0.09316042435452641 -0.02728951534859101
0.9314432229483843 2.4002436162911387 -0.04869778515225934 0.060512634731850534
7.207573079309851 7.9474386114082805 -0.06129870094649697 8.77228462138846E-4
4.941252334122386 0.171533087968779 0.030213547209310666 -0.08178518651444283
5.877308242101489 7.831425867613943 -0.036420814579490805 0.01244505733212107
2.8745751682384766 4.519291302482279 0.018530056540678942 0.017298874632102067
0.08731739299245839 1 2 
5.0 5.0 0.0 -0.0
2.323631553550926 0.11595890908134311 -0.06908534773873057 0.07493704157536152
2.3191592695307173 0.12490310695720558 0.0890503571809173 -0.0685408321419633
1.9440640866890655 4.074936587998183 0.09931324933890427 0.08034000406215135
2.1982043653752665 7.567176494200987 0.06577661835387753 -0.034931840155608664
9.745741737759335 5.154154168319326 0.09316042435452641 -0.02728951534859101
0.9271910593043822 2.405527421799029 -0.04869778515225934 0.060512634731850534
7.202220636549379 7.947515208710653 -0.06129870094649697 8.77228462138846E-4
4.943890502297758 0.1643918186969359 0.030213547209310666 -0.08178518651444283
5.8741280715217465 7.832512537575825 -0.036420814579490805 0.01244505733212107
2.8761931644676113 4.520801795116857 0.018530056540678942 0.017298874632102067
0.08731739299245989 1 2 
5.0 5.0 0.0 -0.0
2.3175992010924027 0.12250221619027125 0.1167441088770842 0.0035983949339477156
2.326934914564802 0.11891830018103554 -0.09677909943489746 0.0027978144994505044
1.9527358607109488 4.081951667705893 0.09931324933890427 0.08034000406215135
2.203947808209787 7.5641263369861695 0.06577661835387753 -0.034931840155608664
9.753876263144043 5.151771318983059 0.09316042435452641 -0.02728951534859101
0.92293889566038 2.410811227306919 -0.04869778515225934 0.060512634731850534
7.196868193788906 7.947591806013026 -0.06129870094649697 8.77228462138846E-4
4.946528670473129 0.15725054942509264 0.030213547209310666 -0.08178518651444283
5.870947900942004 7.833599207537707 -0.036420814579490805 0.01244505733212107
2.8778111606967465 4.5223122877514355 0.018530056540678942 0.017298874632102067
0.08731739299246354 1 2 
5.0 5.0 0.0 -0.0
2.327792992326778 0.12281641865486086 -0.06854517868044038 -0.06913171827360108
2.3184844159059885 0.11916259804920407 0.08851018812262712 0.0755279277069993
1.9614076347328324 4.088966747413604 0.09931324933890427 0.08034000406215135
2.209691251044308 7.561076179771352 0.06577661835387753 -0.034931840155608664
9.762010788528752 5.149388469646792 0.09316042435452641 -0.02728951534859101
0.9186867320163776 2.4160950328148094 -0.04869778515225934 0.060512634731850534
7.191515751028433 7.947668403315399 -0.06129870094649697 8.77228462138846E-4
4.949166838648501 0.15010928015324912 0.030213547209310666 -0.08178518651444283
5.867767730362261 7.83468587749959 -0.036420814579490805 0.01244505733212107
2.8794291569258816 4.5238227803860145 0.018530056540678942 0.017298874632102067
0.08731739299246115 1 2 
5.0 5.0 0.0 -0.0
2.3218078060222 0.11678001724212073 0.019139094596098624 0.10956707207128231
2.3262128947861287 0.12575749979470233 8.259148460881133E-4 -0.1031708626378841
1.9700794087547158 4.095981827121315 0.09931324933890427 0.08034000406215135
2.2154346938788283 7.558026022556535 0.06577661835387753 -0.034931840155608664
9.77014531391346 5.147005620310525 0.09316042435452641 -0.02728951534859101
0.9144345683723754 2.4213788383226995 -0.04869778515225934 0.060512634731850534
7.18616330826796 7.947745000617772 -0.06129870094649697 8.77228462138846E-4
4.951805006823872 0.1429680108814058 0.030213547209310666 -0.08178518651444283
5.864587559782518 7.835772547461472 -0.036420814579490805 0.01244505733212107
2.881047153155017 4.525333273020593 0.018530056540678942 0.017298874632102067
0.08731739299246083 1 2 
5.0 5.0 0.0 -0.0
2.3234789818665673 0.12634712833320216 0.07499373996299191 -0.08148801956905495
2.326285011517323 0.116748889036379 -0.05502873052080517 0.08788422900245317
1.9787511827765991 4.102996906829025 0.09931324933890427 0.08034000406215135
2.2211781367133487 7.554975865341718 0.06577661835387753 -0.034931840155608664
9.778279839298168 5.144622770974258 0.09316042435452641 -0.02728951534859101
0.9101824047283731 2.4266626438305896 -0.04869778515225934 0.060512634731850534
7.180810865507487 7.947821597920145 -0.06129870094649697 8.77228462138846E-4
4.954443174999244 0.13582674160956248 0.030213547209310666 -0.08178518651444283
5.861407389202776 7.8368592174233545 -0.036420814579490805 0.01244505733212107
2.882665149384152 4.526843765655171 0.018530056540678942 0.017298874632102067
0.0873173929924601 1 2 
5.0 5.0 0.0 -0.0
2.33002723973089 0.11923180690431372 -0.09514005097047165 0.02183807894127862
2.3214800462285616 0.12442271079802557 0.11510506041265839 -0.015441869507880401
1.9874229567984825 4.110011986536736 0.09931324933890427 0.08034000406215135
2.226921579547869 7.551925708126901 0.06577661835387753 -0.034931840155608664
9.786414364682877 5.142239921637991 0.09316042435452641 -0.02728951534859101
0.9059302410843708 2.4319464493384797 -0.04869778515225934 0.060512634731850534
7.175458422747014 7.947898195222518 -0.06129870094649697 8.77228462138846E-4
4.9570813431746155 0.12868547233771924 0.030213547209310666 -0.08178518651444283
5.858227218623033 7.837945887385237 -0.036420814579490805 0.01244505733212107
2.884283145613287 4.528354258289749 0.018530056540678942 0.017298874632102067
0.08731739299246138 1 2 
5.0 5.0 0.0 -0.0
2.3217198585109786 0.12113865102542974 0.10014733325509623 0.060368936874842856
2.331530720024035 0.12307436700966767 -0.08018232381290949 -0.053972727441444636
1.9960947308203658 4.117027066244447 0.09931324933890427 0.08034000406215135
2.23266502238239 7.548875550912084 0.06577661835387753 -0.034931840155608664
9.794548890067585 5.139857072301724 0.09316042435452641 -0.02728951534859101
0.9016780774403685 2.43723025484637 -0.04869778515225934 0.060512634731850534
7.170105979986541 7.9479747925248905 -0.06129870094649697 8.77228462138846E-4
4.959719511349987 0.12154420306587588 0.030213547209310666 -0.08178518651444283
5.85504704804329 7.839032557347119 -0.036420814579490805 0.01244505733212107
2.8859011418424223 4.529864750924327 0.018530056540678942 0.017298874632102067
0.08731739299245735 1 2 
5.0 5.0 0.0 -0.0
2.3304644625659603 0.12640990921106723 -0.017991239338515666 -0.09983426882437496
2.3245294085446147 0.11836160915678827 0.037956248780702403 0.10623047825777318
2.004766504842249 4.124042145952157 0.09931324933890427 0.08034000406215135
2.2384084652169105 7.545825393697267 0.06577661835387753 -0.034931840155608664
9.802683415452293 5.137474222965457 0.09316042435452641 -0.02728951534859101
0.8974259137963665 2.44251406035426 -0.04869778515225934 0.060512634731850534
7.164753537226069 7.948051389827263 -0.06129870094649697 8.77228462138846E-4
4.9623576795253586 0.11440293379403285 0.030213547209310666 -0.08178518651444283
5.851866877463547 7.8401192273090015 -0.036420814579490805 0.01244505733212107
2.887519138071557 4.531375243558905 0.018530056540678942 0.017298874632102067
0.08731739299245833 1 2 
5.0 5.0 0.0 -0.0
2.328893514450218 0.11769264112601456 -0.038889040333567076 0.09811792581951317
2.327843649235919 0.12763737757459906 0.058854049775753814 -0.09172171638611495
2.013438278864132 4.131057225659868 0.09931324933890427 0.08034000406215135
2.244151908051431 7.542775236482449 0.06577661835387753 -0.034931840155608664
9.810817940837001 5.13509137362919 0.09316042435452641 -0.02728951534859101
0.8931737501523643 2.44779786586215 -0.04869778515225934 0.060512634731850534
7.159401094465597 7.948127987129636 -0.06129870094649697 8.77228462138846E-4
4.96499584770073 0.10726166452218974 0.030213547209310666 -0.08178518651444283
5.848686706883805 7.841205897270884 -0.036420814579490805 0.01244505733212107
2.8891371343006917 4.532885736193483 0.018530056540678942 0.017298874632102067
0.08731739299245897 1 2 
5.0 5.0 0.0 -0.0
2.325497824832312 0.12626004261440193 0.11009770255660806 -0.033884876778523865
2.332982631429386 0.1196284764189698 -0.09013269311442132 0.040281086211922085
2.022110052886015 4.1380723053675785 0.09931324933890427 0.08034000406215135
2.2498953508859514 7.539725079267632 0.06577661835387753 -0.034931840155608664
9.81895246622171 5.132708524292923 0.09316042435452641 -0.02728951534859101
0.8889215865083622 2.45308167137004 -0.04869778515225934 0.060512634731850534
7.154048651705125 7.948204584432009 -0.06129870094649697 8.77228462138846E-4
4.967634015876102 0.10012039525034658 0.030213547209310666 -0.08178518651444283
5.845506536304062 7.842292567232766 -0.036420814579490805 0.01244505733212107
2.890755130529827 4.5343962288280615 0.018530056540678942 0.017298874632102067
0.087317392992461 1 2 
5.0 5.0 0.0 -0.0
2.3351112691940146 0.12330130351223045 -0.08893043112900156 -0.03698188378171277
2.3251124796432454 0.1231457158538994 0.1088954405711883 0.04337809321511099
2.0307818269078988 4.145087385075289 0.09931324933890427 0.08034000406215135
2.255638793720472 7.536674922052815 0.06577661835387753 -0.034931840155608664
9.827086991606418 5.130325674956656 0.09316042435452641 -0.02728951534859101
0.8846694228643599 2.45836547687793 -0.04869778515225934 0.060512634731850534
7.148696208944652 7.948281181734382 -0.06129870094649697 8.77228462138846E-4
4.970272184051473 0.09297912597850325 0.030213547209310666 -0.08178518651444283
5.842326365724319 7.8433792371946485 -0.036420814579490805 0.01244505733212107
2.892373126758962 4.53590672146264 0.018530056540678942 0.017298874632102067
0.08731739299246633 1 2 
5.0 5.0 0.0 -0.0
2.327346095790134 0.12007214183246093 0.0558770755861181 0.09959254812155582
2.3346209456226874 0.12693337786642708 -0.03591206614393136 -0.0931963386881576
2.039453600929783 4.152102464783001 0.09931324933890427 0.08034000406215135
2.2613822365549927 7.533624764837998 0.06577661835387753 -0.034931840155608664
9.835221516991126 5.127942825620389 0.09316042435452641 -0.02728951534859101
0.8804172592203574 2.4636492823858207 -0.04869778515225934 0.060512634731850534
7.143343766184179 7.948357779036755 -0.06129870094649697 8.77228462138846E-4
4.972910352226845 0.08583785670665948 0.030213547209310666 -0.08178518651444283
5.8391461951445764 7.844465907156531 -0.036420814579490805 0.01244505733212107
2.8939911229880972 4.537417214097219 0.018530056540678942 0.017298874632102067
0.08731739299246895 1 2 
5.0 5.0 0.0 -0.0
2.332225136358357 0.1287683034959122 0.041148430344258025 -0.09891401716052098
2.3314851976300264 0.11879571653573398 -0.021183420902071284 0.1053102265939192
2.048125374951667 4.159117544490712 0.09931324933890427 0.08034000406215135
2.267125679389514 7.530574607623181 0.06577661835387753 -0.034931840155608664
9.843356042375836 5.125559976284122 0.09316042435452641 -0.02728951534859101
0.8761650955763548 2.4689330878937112 -0.04869778515225934 0.060512634731850534
7.137991323423706 7.948434376339128 -0.06129870094649697 8.77228462138846E-4
4.975548520402216 0.0786965874348155 0.030213547209310666 -0.08178518651444283
5.835966024564833 7.845552577118413 -0.036420814579490805 0.01244505733212107
2.8956091192172324 4.538927706731798 0.018530056540678942 0.017298874632102067
0.08731739299246846 1 2 
5.0 5.0 0.0 -0.0
2.3358181100217497 0.12013138938704322 -0.08191747031545946 0.05753589030369122
2.3296355165421954 0.12799113097736112 0.1018824797576462 -0.051139680870293
2.056797148973551 4.166132624198424 0.09931324933890427 0.08034000406215135
2.2728691222240354 7.527524450408364 0.06577661835387753 -0.034931840155608664
9.851490567760546 5.123177126947855 0.09316042435452641 -0.02728951534859101
0.8719129319323522 2.474216893401602 -0.04869778515225934 0.060512634731850534
7.132638880663233 7.9485109736415005 -0.06129870094649697 8.77228462138846E-4
4.978186688577588 0.07155531816297156 0.030213547209310666 -0.08178518651444283
5.832785853985089 7.8466392470802955 -0.036420814579490805 0.01244505733212107
2.8972271154463676 4.540438199366377 0.018530056540678942 0.017298874632102067
0.08731739299246814 1 2 
5.0 5.0 0.0 -0.0
2.328665290073266 0.12515527333186216 0.1144742055079564 0.025099812889494755
2.338531629066241 0.12352574736530034 -0.09450919606576966 -0.018703603456096535
2.065468922995435 4.173147703906135 0.09931324933890427 0.08034000406215135
2.2786125650585567 7.524474293193546 0.06577661835387753 -0.034931840155608664
9.859625093145256 5.120794277611588 0.09316042435452641 -0.02728951534859101
0.8676607682883496 2.4795006989094923 -0.04869778515225934 0.060512634731850534
7.12728643790276 7.948587570943873 -0.06129870094649697 8.77228462138846E-4
4.980824856752959 0.06441404889112765 0.030213547209310666 -0.08178518651444283
5.829605683405346 7.847725917042178 -0.036420814579490805 0.01244505733212107
2.8988451116755027 4.541948692000956 0.018530056540678942 0.017298874632102067
0.08731739299246621 1 2 
5.0 5.0 0.0 -0.0
2.3386608792631045 0.12734692355797153 -0.052362351132182405 -0.08346976304784468
2.330279332451964 0.12189259747194911 0.07232736057436914 0.0898659724812429
2.074140697017319 4.180162783613847 0.09931324933890427 0.08034000406215135
2.2843560078930776 7.521424135978729 0.06577661835387753 -0.034931840155608664
9.867759618529965 5.118411428275321 0.09316042435452641 -0.02728951534859101
0.8634086046443471 2.484784504417383 -0.04869778515225934 0.060512634731850534
7.121933995142287 7.948664168246246 -0.06129870094649697 8.77228462138846E-4
4.983463024928331 0.05727277961928389 0.030213547209310666 -0.08178518651444283
5.826425512825603 7.84881258700406 -0.036420814579490805 0.01244505733212107
2.900463107904638 4.543459184635535 0.018530056540678942 0.017298874632102067
0.08731739299246444 1 2 
5.0 5.0 0.0 -0.0
2.3340887352712865 0.12005856145493499 -0.0024791910460038383 0.1092306775083951
2.336594769019344 0.1297394599077438 0.022444200488190576 -0.10283446807499688
2.0828124710392024 4.1871778633215575 0.09931324933890427 0.08034000406215135
2.2900994507275985 7.518373978763912 0.06577661835387753 -0.034931840155608664
9.875894143914673 5.116028578939054 0.09316042435452641 -0.02728951534859101
0.8591564410003447 2.4900683099252734 -0.04869778515225934 0.060512634731850534
7.116581552381814 7.948740765548619 -0.06129870094649697 8.77228462138846E-4
4.9861011931037025 0.05013151034744028 0.030213547209310666 -0.08178518651444283
5.82324534224586 7.8498992569659425 -0.036420814579490805 0.01244505733212107
2.902081104133773 4.544969677270114 0.018530056540678942 0.017298874632102067
0.08731739299246413 1 2 
5.0 5.0 0.0 -0.0
2.333872258772419 0.12959629944976864 0.0907226220326651 -0.06665340787058621
2.338554538093773 0.12076022224566829 -0.07075761259047836 0.07304961730398443
2.091484245061086 4.194192943029268 0.09931324933890427 0.08034000406215135
2.2958428935621193 7.515323821549095 0.06577661835387753 -0.034931840155608664
9.884028669299381 5.113645729602787 0.09316042435452641 -0.02728951534859101
0.8549042773563423 2.495352115433164 -0.04869778515225934 0.060512634731850534
7.111229109621341 7.948817362850992 -0.06129870094649697 8.77228462138846E-4
4.988739361279074 0.0429902410755967 0.030213547209310666 -0.08178518651444283
5.820065171666117 7.850985926927825 -0.036420814579490805 0.01244505733212107
2.9036991003629082 4.546480169904693 0.018530056540678942 0.017298874632102067
0.08731739299246408 1 2 
5.0 5.0 0.0 -0.0
2.341793921613752 0.12377629764044566 -0.09673986529852818 2.7644566542617266E-4
2.3323761678280017 0.1271387243877494 0.11670487474071492 0.006119763767972047
2.1001560190829696 4.201208022736979 0.09931324933890427 0.08034000406215135
2.3015863363966402 7.512273664334278 0.06577661835387753 -0.034931840155608664
9.89216319468409 5.11126288026652 0.09316042435452641 -0.02728951534859101
0.85065211371234 2.5006359209410545 -0.04869778515225934 0.060512634731850534
7.105876666860868 7.948893960153365 -0.06129870094649697 8.77228462138846E-4
4.991377529454446 0.03584897180375313 0.030213547209310666 -0.08178518651444283
5.816885001086375 7.852072596889707 -0.036420814579490805 0.01244505733212107
2.9053170965920434 4.547990662539272 0.018530056540678942 0.017298874632102067
0.0873173929924674 1 2 
5.0 5.0 0.0 -0.0
2.3333468487774423 0.12380043615525474 0.08678000802318245 0.07736240772549342
2.3425665332398733 0.12767308620569848 -0.06681499858099571 -0.0709661982920952
2.1088277931048536 4.20822310244469 0.09931324933890427 0.08034000406215135
2.307329779231161 7.509223507119461 0.06577661835387753 -0.034931840155608664
9.9002977200688 5.108880030930253 0.09316042435452641 -0.02728951534859101
0.8463999500683373 2.505919726448945 -0.04869778515225934 0.060512634731850534
7.100524224100395 7.948970557455738 -0.06129870094649697 8.77228462138846E-4
4.994015697629817 0.02870770253190928 0.030213547209310666 -0.08178518651444283
5.813704830506631 7.8531592668515895 -0.036420814579490805 0.01244505733212107
2.9069350928211786 4.549501155173851 0.018530056540678942 0.017298874632102067
0.08731739299247396 1 2 
5.0 5.0 0.0 -0.0
2.3409242528418925 0.13055551991346565 0.0033406762408356022 -0.103357451068317
2.336732421750985 0.12147650278024577 0.016624333201351135 0.10975366050171521
2.117499567126738 4.215238182152402 0.09931324933890427 0.08034000406215135
2.3130732220656824 7.5061733499046435 0.06577661835387753 -0.034931840155608664
9.90843224545351 5.106497181593986 0.09316042435452641 -0.02728951534859101
0.8421477864243344 2.511203531956836 -0.04869778515225934 0.060512634731850534
7.095171781339922 7.9490471547581105 -0.06129870094649697 8.77228462138846E-4
4.9966538658051896 0.021566433260064893 0.030213547209310666 -0.08178518651444283
5.810524659926887 7.854245936813472 -0.036420814579490805 0.01244505733212107
2.9085530890503137 4.55101164780843 0.018530056540678942 0.017298874632102067
0.08731739299247514 1 2 
5.0 5.0 0.0 -0.0
2.341215951982074 0.1215306167398329 -0.0570107011772585 0.08632518043619987
2.338184015186365 0.13105990628663675 0.07697571061944525 -0.07992897100280165
2.126171341148623 4.222253261860113 0.09931324933890427 0.08034000406215135
2.318816664900204 7.503123192689826 0.06577661835387753 -0.034931840155608664
9.91656677083822 5.104114332257719 0.09316042435452641 -0.02728951534859101
0.8378956227803315 2.516487337464727 -0.04869778515225934 0.060512634731850534
7.089819338579448 7.949123752060483 -0.06129870094649697 8.77228462138846E-4
4.999292033980562 0.01442516398822041 0.030213547209310666 -0.08178518651444283
5.807344489347144 7.855332606775354 -0.036420814579490805 0.01244505733212107
2.910171085279449 4.552522140443009 0.018530056540678942 0.017298874632102067
0.08731739299247616 1 2 
5.0 5.0 0.0 -0.0
2.3362379261826027 0.12906830644512698 0.11551597375025718 -0.012953900387481815
2.3449053335613983 0.12408071691410089 -0.09555096430807045 0.019350109820880035
2.134843115170508 4.229268341567826 0.09931324933890427 0.08034000406215135
2.324560107734726 7.500073035475008 0.06577661835387753 -0.034931840155608664
9.92470129622293 5.101731482921452 0.09316042435452641 -0.02728951534859101
0.8336434591363284 2.521771142972618 -0.04869778515225934 0.060512634731850534
7.0844668958189745 7.949200349362856 -0.06129870094649697 8.77228462138846E-4
5.001930202155934 0.007283894716375843 0.030213547209310666 -0.08178518651444283
5.8041643187674 7.8564192767372365 -0.036420814579490805 0.01244505733212107
2.911789081508584 4.554032633077588 0.018530056540678942 0.017298874632102067
0.027925530450095867 8 -1 
5.0 5.0 0.0 -0.0
2.339463771025038 0.12870656190540886 0.11551597375025718 -0.012953900387481815
2.342237022198077 0.12462107899511657 -0.09555096430807045 0.019350109820880035
2.1376164903390196 4.231511878797624 0.09931324933890427 0.08034000406215135
2.3263969546934717 7.499097545309065 0.06577661835387753 -0.034931840155608664
9.927302850489985 5.1009694087296165 0.09316042435452641 -0.02728951534859101
0.8322835476542068 2.523460990396438 -0.04869778515225934 0.060512634731850534
7.082755097079142 7.949224846432988 -0.06129870094649697 8.77228462138846E-4
5.002773931488534 0.005 0.030213547209310666 0.08178518651444283
5.803147248200843 7.856766811564718 -0.036420814579490805 0.01244505733212107
2.912306543166753 4.554515713327879 0.018530056540678942 0.017298874632102067
0.05939186254237897 1 2 
5.0 5.0 0.0 -0.0
2.346324479859462 0.12793720563420788 -0.07880692054684577 -0.05608628036742211
2.3365620724601004 0.12577031805777822 0.0987719299890325 0.06248248980082033
2.1435148891923927 4.236283421275537 0.09931324933890427 0.08034000406215135
2.3303035505692478 7.497022878260191 0.06577661835387753 -0.034931840155608664
9.93283582160764 5.099348633585185 0.09316042435452641 -0.02728951534859101
0.8293912954923255 2.527054948480509 -0.04869778515225934 0.060512634731850534
7.079114453058501 7.949276946665229 -0.06129870094649697 8.77228462138846E-4
5.004568370331307 0.009857374555468614 0.030213547209310666 0.08178518651444283
5.8009841481876565 7.85750594669912 -0.036420814579490805 0.01244505733212107
2.9134070777377197 4.555543125712166 0.018530056540678942 0.017298874632102067
0.08731739299247929 1 2 
5.0 5.0 0.0 -0.0
2.339443265007546 0.1230398978498793 0.035515041720419735 0.1068624182898481
2.3451865798875784 0.13122612617486504 -0.015550032278232997 -0.10046620885644988
2.152186663214278 4.24329850098325 0.09931324933890427 0.08034000406215135
2.3360469934037695 7.493972721045373 0.06577661835387753 -0.034931840155608664
9.94097034699235 5.096965784248918 0.09316042435452641 -0.02728951534859101
0.8251391318483223 2.5323387539884004 -0.04869778515225934 0.060512634731850534
7.073762010298027 7.949353543967602 -0.06129870094649697 8.77228462138846E-4
5.007206538506679 0.016998643827313437 0.030213547209310666 0.08178518651444283
5.797803977607913 7.858592616661002 -0.036420814579490805 0.01244505733212107
2.915025073966855 4.557053618346745 0.018530056540678942 0.017298874632102067
0.08731739299247844 1 2 
5.0 5.0 0.0 -0.0
2.342544345862592 0.1323708456238206 0.06108222045236346 -0.09054099815076638
2.343828791608094 0.12245367873368199 -0.04111721101017672 0.0969372075841646
2.160858437236163 4.250313580690962 0.09931324933890427 0.08034000406215135
2.3417904362382913 7.490922563830555 0.06577661835387753 -0.034931840155608664
9.94910487237706 5.094582934912651 0.09316042435452641 -0.02728951534859101
0.8208869682043192 2.537622559496292 -0.04869778515225934 0.060512634731850534
7.068409567537553 7.949430141269975 -0.06129870094649697 8.77228462138846E-4
5.009844706682052 0.02413991309915819 0.030213547209310666 0.08178518651444283
5.794623807028169 7.859679286622884 -0.036420814579490805 0.01244505733212107
2.91664307019599 4.558564110981324 0.018530056540678942 0.017298874632102067
0.08731739299247959 1 2 
5.0 5.0 0.0 -0.0
2.3478778861106844 0.12446504170635876 -0.0909805875485064 0.0379062356599682
2.3402385439355635 0.13091798298390206 0.11094559699069313 -0.03151002622656998
2.1695302112580483 4.257328660398675 0.09931324933890427 0.08034000406215135
2.347533879072813 7.487872406615737 0.06577661835387753 -0.034931840155608664
9.95723939776177 5.092200085576384 0.09316042435452641 -0.02728951534859101
0.816634804560316 2.542906365004183 -0.04869778515225934 0.060512634731850534
7.063057124777079 7.949506738572348 -0.06129870094649697 8.77228462138846E-4
5.012482874857424 0.03128118237100304 0.030213547209310666 0.08178518651444283
5.791443636448426 7.860765956584767 -0.036420814579490805 0.01244505733212107
2.918261066425125 4.560074603615903 0.018530056540678942 0.017298874632102067
0.08731739299247676 1 2 
5.0 5.0 0.0 -0.0
2.339933698393025 0.12777491538234564 0.10791888444971669 0.04570299713939418
2.3499260242287847 0.1281666096406734 -0.08795387500752995 -0.03930678770599596
2.1782019852799333 4.264343740106387 0.09931324933890427 0.08034000406215135
2.353277321907335 7.484822249400919 0.06577661835387753 -0.034931840155608664
9.96537392314648 5.089817236240117 0.09316042435452641 -0.02728951534859101
0.812382640916313 2.548190170512074 -0.04869778515225934 0.060512634731850534
7.057704682016605 7.9495833358747205 -0.06129870094649697 8.77228462138846E-4
5.015121043032797 0.03842245164284765 0.030213547209310666 0.08178518651444283
5.788263465868682 7.861852626546649 -0.036420814579490805 0.01244505733212107
2.9198790626542603 4.561585096250482 0.018530056540678942 0.017298874632102067
0.08731739299247852 1 2 
5.0 5.0 0.0 -0.0
2.3493568940378307 0.13176558194450025 -0.03362263393527941 -0.09425338186494125
2.342246121159541 0.12473444341127701 0.053587643377466146 0.10064959129833947
2.186873759301818 4.2713588198140995 0.09931324933890427 0.08034000406215135
2.3590207647418566 7.481772092186101 0.06577661835387753 -0.034931840155608664
9.97350844853119 5.08743438690385 0.09316042435452641 -0.02728951534859101
0.8081304772723098 2.5534739760199656 -0.04869778515225934 0.060512634731850534
7.052352239256131 7.949659933177093 -0.06129870094649697 8.77228462138846E-4
5.017759211208169 0.045563720914692414 0.030213547209310666 0.08178518651444283
5.785083295288938 7.862939296508531 -0.036420814579490805 0.01244505733212107
2.9214970588833955 4.563095588885061 0.018530056540678942 0.017298874632102067
0.08731739299248108 1 2 
5.0 5.0 0.0 -0.0
2.3464210532970617 0.12353562235932879 -0.023586397137700575 0.10454567095391873
2.346925254475872 0.13352290332920672 0.04355140657988731 -0.09814946152052051
2.1955455333237035 4.278373899521812 0.09931324933890427 0.08034000406215135
2.3647642075763784 7.478721934971283 0.06577661835387753 -0.034931840155608664
9.9816429739159 5.085051537567583 0.09316042435452641 -0.02728951534859101
0.8038783136283065 2.558757781527857 -0.04869778515225934 0.060512634731850534
7.046999796495657 7.949736530479466 -0.06129870094649697 8.77228462138846E-4
5.0203973793835415 0.05270499018653738 0.030213547209310666 0.08178518651444283
5.781903124709195 7.864025966470414 -0.036420814579490805 0.01244505733212107
2.9231150551125307 4.56460608151964 0.018530056540678942 0.017298874632102067
0.08731739299248154 1 2 
5.0 5.0 0.0 -0.0
2.3443615505889124 0.13266427779567477 0.10314018727688465 -0.048954043226090094
2.3507280497595833 0.12495274822561898 -0.08317517783469791 0.055350252659488314
2.204217307345589 4.285388979229524 0.09931324933890427 0.08034000406215135
2.3705076504109006 7.475671777756465 0.06577661835387753 -0.034931840155608664
9.98977749930061 5.082668688231316 0.09316042435452641 -0.02728951534859101
0.7996261499843033 2.5640415870357485 -0.04869778515225934 0.060512634731850534
7.041647353735184 7.949813127781839 -0.06129870094649697 8.77228462138846E-4
5.023035547558914 0.059846259458382386 0.030213547209310666 0.08178518651444283
5.778722954129451 7.865112636432296 -0.036420814579490805 0.01244505733212107
2.924733051341666 4.566116574154219 0.018530056540678942 0.017298874632102067
0.05605921973385253 5 -1 
5.0 5.0 0.0 -0.0
2.350143509010858 0.12991995232960288 0.10314018727688465 -0.048954043226090094
2.346065314188946 0.1280556402017815 -0.08317517783469791 0.055350252659488314
2.2097847306127614 4.289892777170663 0.09931324933890427 0.08034000406215135
2.3741950363125506 7.473713526053474 0.06577661835387753 -0.034931840155608664
9.995 5.08113885929396 -0.09316042435452641 -0.02728951534859101
0.7968961901459009 2.5674338781228556 -0.04869778515225934 0.060512634731850534
7.038210996389425 7.949862304524955 -0.06129870094649697 8.77228462138846E-4
5.02472929544086 0.06443107320016965 0.030213547209310666 0.08178518651444283
5.776681231682054 7.865810296635878 -0.036420814579490805 0.01244505733212107
2.9257718318529604 4.567086335568368 0.018530056540678942 0.017298874632102067
0.08731739299248431 1 2 
5.0 5.0 0.0 -0.0
2.359149441276632 0.1256454128986593 -0.8219091144037161 0.28035523795807865
2.3388026744987336 0.13288867996548334 0.8418741238459029 -0.27395902852468046
2.218456504634647 4.296907856878375 0.09931324933890427 0.08034000406215135
2.379938479147073 7.470663368838656 0.06577661835387753 -0.034931840155608664
9.98686547461529 5.078756009957693 -0.09316042435452641 -0.02728951534859101
0.7926440265018975 2.5727176836307475 -0.04869778515225934 0.060512634731850534
7.032858553628951 7.949938901827328 -0.06129870094649697 8.77228462138846E-4
5.027367463616232 0.07157234247201488 0.030213547209310666 0.08178518651444283
5.77350106110231 7.8668969665977615 -0.036420814579490805 0.01244505733212107
2.927389828082096 4.568596828202947 0.018530056540678942 0.017298874632102067
0.018009641378234416 1 2 
5.0 5.0 0.0 -0.0
2.3443471528807187 0.13069451019279388 0.8630446856623153 -0.1996433553561252
2.3539645255548134 0.12795477610942435 -0.8430796762201285 0.2060395647895234
2.220245100639348 4.29835475153986 0.09931324933890427 0.08034000406215135
2.381123092454699 7.4700342589247715 0.06577661835387753 -0.034931840155608664
9.98518768878202 5.078264535572878 -0.09316042435452641 -0.02728951534859101
0.791766996855391 2.57380749448112 -0.04869778515225934 0.060512634731850534
7.031754586007953 7.949954700397337 -0.06129870094649697 8.77228462138846E-4
5.027911598766236 0.07304526435119202 0.030213547209310666 0.08178518651444283
5.77284513529303 7.867121097617245 -0.036420814579490805 0.01244505733212107
2.9277235477551122 4.568908374731318 0.018530056540678942 0.017298874632102067
0.011393428587835704 1 2 
5.0 5.0 0.0 -0.0
2.3541801908749234 0.12841988788050795 -0.8576253047635505 0.13014861238809716
2.3443589574699435 0.13030227317712254 0.8775903142057373 -0.12375240295469897
2.221376619053517 4.299270099638889 0.09931324933890427 0.08034000406215135
2.381872513658663 7.469636265498517 0.06577661835387753 -0.034931840155608664
9.984126272139925 5.077953614428558 -0.09316042435452641 -0.02728951534859101
0.7912121621178729 2.574496940863599 -0.04869778515225934 0.060512634731850534
7.031056183636192 7.949964695037176 -0.06129870094649697 8.77228462138846E-4
5.028255834658751 0.07397707803328715 0.030213547209310666 0.08178518651444283
5.772430177343008 7.86726288948923 -0.036420814579490805 0.01244505733212107
2.927934668631037 4.569105468224089 0.018530056540678942 0.017298874632102067
0.011393428587835071 1 2 
5.0 5.0 0.0 -0.0
2.3444088982099798 0.12990272680155757 0.8853980472316356 -0.04687554511623976
2.3543577200442223 0.12889230901148518 -0.8654330377894488 0.05327175454963795
2.2225081374676856 4.300185447737918 0.09931324933890427 0.08034000406215135
2.382621934862627 7.469238272072262 0.06577661835387753 -0.034931840155608664
9.98306485549783 5.077642693284237 -0.09316042435452641 -0.02728951534859101
0.7906573273803549 2.575186387246078 -0.04869778515225934 0.060512634731850534
7.030357781264431 7.949974689677014 -0.06129870094649697 8.77228462138846E-4
5.028600070551265 0.07490889171538223 0.030213547209310666 0.08178518651444283
5.772015219392985 7.867404681361215 -0.036420814579490805 0.01244505733212107
2.9281457895069614 4.56930256171686 0.018530056540678942 0.017298874632102067
0.01139342858783595 1 2 
5.0 5.0 0.0 -0.0
2.3544966176329227 0.1293686536257598 -0.8664422399640272 -0.02399397832780892
2.344497470530614 0.1294992569426952 0.8864072494062141 0.030390187761207114
2.2236396558818545 4.3011007958369465 0.09931324933890427 0.08034000406215135
2.3833713560665912 7.468840278646008 0.06577661835387753 -0.034931840155608664
9.982003438855735 5.0773317721399165 -0.09316042435452641 -0.02728951534859101
0.7901024926428368 2.5758758336285568 -0.04869778515225934 0.060512634731850534
7.029659378892671 7.949984684316853 -0.06129870094649697 8.77228462138846E-4
5.02894430644378 0.07584070539747738 0.030213547209310666 0.08178518651444283
5.771600261442963 7.8675464732332 -0.036420814579490805 0.01244505733212107
2.9283569103828864 4.569499655209631 0.018530056540678942 0.017298874632102067
0.0113934285878357 1 2 
5.0 5.0 0.0 -0.0
2.3446248698464083 0.12909527994714384 0.880610083203264 0.10744474525220363
2.3545966882264637 0.12984550537672343 -0.8606450737610771 -0.10104853581880544
2.2247711742960234 4.302016143935975 0.09931324933890427 0.08034000406215135
2.3841207772705553 7.468442285219753 0.06577661835387753 -0.034931840155608664
9.98094202221364 5.077020850995596 -0.09316042435452641 -0.02728951534859101
0.7895476579053188 2.5765652800110357 -0.04869778515225934 0.060512634731850534
7.02896097652091 7.949994678956691 -0.06129870094649697 8.77228462138846E-4
5.029288542336294 0.07677251907957251 0.030213547209310666 0.08178518651444283
5.77118530349294 7.867688265105185 -0.036420814579490805 0.01244505733212107
2.928568031258811 4.569696748702402 0.018530056540678942 0.017298874632102067
0.01139342858783572 1 2 
5.0 5.0 0.0 -0.0
2.354658037943113 0.13031944397931303 -0.8480865603292851 -0.17729350749892211
2.3447909900390944 0.1286942160999665 0.8680515697714719 0.1836897169323203
2.2259026927101924 4.302931492035004 0.09931324933890427 0.08034000406215135
2.3848701984745193 7.468044291793499 0.06577661835387753 -0.034931840155608664
9.979880605571545 5.076709929851275 -0.09316042435452641 -0.02728951534859101
0.7889928231678007 2.5772547263935146 -0.04869778515225934 0.060512634731850534
7.028262574149149 7.9500046735965295 -0.06129870094649697 8.77228462138846E-4
5.029632778228809 0.07770433276166765 0.030213547209310666 0.08178518651444283
5.770770345542918 7.86783005697717 -0.036420814579490805 0.01244505733212107
2.9287791521347355 4.569893842195173 0.018530056540678942 0.017298874632102067
0.011393428587836003 1 2 
5.0 5.0 0.0 -0.0
2.3449954242816977 0.1282994630625371 0.8488292392972385 0.25853297967024336
2.3546810736098447 0.1307870717721547 -0.8288642298550517 -0.2521367702368452
2.2270342111243613 4.303846840134033 0.09931324933890427 0.08034000406215135
2.3856196196784833 7.467646298367244 0.06577661835387753 -0.034931840155608664
9.97881918892945 5.076399008706955 -0.09316042435452641 -0.02728951534859101
0.7884379884302827 2.577944172775994 -0.04869778515225934 0.060512634731850534
7.027564171777389 7.950014668236368 -0.06129870094649697 8.77228462138846E-4
5.029977014121323 0.0786361464437628 0.030213547209310666 0.08178518651444283
5.770355387592895 7.867971848849155 -0.036420814579490805 0.01244505733212107
2.9289902730106605 4.570090935687944 0.018530056540678942 0.017298874632102067
0.011393428587836174 1 2 
5.0 5.0 0.0 -0.0
2.354666499602898 0.1312450401040105 -0.8031273641369723 -0.3249970866589523
2.3452374681979795 0.12791436948609355 0.8230923735791591 0.33139329609235046
2.22816572953853 4.304762188233061 0.09931324933890427 0.08034000406215135
2.3863690408824474 7.4672483049409895 0.06577661835387753 -0.034931840155608664
9.977757772287354 5.076088087562634 -0.09316042435452641 -0.02728951534859101
0.7878831536927646 2.5786336191584733 -0.04869778515225934 0.060512634731850534
7.026865769405628 7.950024662876206 -0.06129870094649697 8.77228462138846E-4
5.030321250013838 0.07956796012585796 0.030213547209310666 0.08178518651444283
5.7699404296428725 7.86811364072114 -0.036420814579490805 0.01244505733212107
2.9292013938865855 4.570288029180714 0.018530056540678942 0.017298874632102067
0.011393428587836986 1 2 
5.0 5.0 0.0 -0.0
2.345516125332666 0.12754220900590665 0.7910408466966117 0.4017048285078817
2.354615312377547 0.13169007533960966 -0.7710758372544249 -0.39530861907448356
2.229297247952699 4.30567753633209 0.09931324933890427 0.08034000406215135
2.387118462086412 7.466850311514735 0.06577661835387753 -0.034931840155608664
9.97669635564526 5.075777166418313 -0.09316042435452641 -0.02728951534859101
0.7873283189552466 2.5793230655409527 -0.04869778515225934 0.060512634731850534
7.026167367033867 7.950034657516045 -0.06129870094649697 8.77228462138846E-4
5.030665485906352 0.08049977380795319 0.030213547209310666 0.08178518651444283
5.76952547169285 7.868255432593125 -0.036420814579490805 0.01244505733212107
2.9294125147625105 4.570485122673485 0.018530056540678942 0.017298874632102067
0.011393428587838086 1 2 
5.0 5.0 0.0 -0.0
2.3545287927295666 0.13211900428290094 -0.7329585633331537 -0.4625253238057744
2.345830114889981 0.12718615481802764 0.7529235727753405 0.4689215332391725
2.230428766366868 4.306592884431119 0.09931324933890427 0.08034000406215135
2.3878678832903764 7.46645231808848 0.06577661835387753 -0.034931840155608664
9.975634939003163 5.075466245273993 -0.09316042435452641 -0.02728951534859101
0.7867734842177284 2.580012511923432 -0.04869778515225934 0.060512634731850534
7.025468964662106 7.950044652155883 -0.06129870094649697 8.77228462138846E-4
5.031009721798867 0.08143158749004852 0.030213547209310666 0.08178518651444283
5.769110513742827 7.86839722446511 -0.036420814579490805 0.01244505733212107
2.9296236356384355 4.570682216166256 0.018530056540678942 0.017298874632102067
0.011393428587838325 1 2 
5.0 5.0 0.0 -0.0
2.3461778816803855 0.12684925503605304 0.709036572904882 0.5325214012303214
2.3544084958484968 0.1325287788202878 -0.6890715634626952 -0.5261251917969233
2.231560284781037 4.3075082325301475 0.09931324933890427 0.08034000406215135
2.388617304494341 7.466054324662226 0.06577661835387753 -0.034931840155608664
9.974573522361066 5.075155324129672 -0.09316042435452641 -0.02728951534859101
0.7862186494802103 2.5807019583059114 -0.04869778515225934 0.060512634731850534
7.024770562290344 7.950054646795722 -0.06129870094649697 8.77228462138846E-4
5.0313539576913815 0.08236340117214386 0.030213547209310666 0.08178518651444283
5.768695555792805 7.868539016337095 -0.036420814579490805 0.01244505733212107
2.9298347565143605 4.570879309659027 0.018530056540678942 0.017298874632102067
0.011393428587838084 1 2 
5.0 5.0 0.0 -0.0
2.354256239239943 0.13291649959246618 -0.6397556667785644 -0.5856143025682223
2.3465576081982746 0.12653440901928695 0.6597206762207513 0.5920105120016205
2.232691803195206 4.308423580629176 0.09931324933890427 0.08034000406215135
2.3893667256983053 7.465656331235971 0.06577661835387753 -0.034931840155608664
9.973512105718969 5.074844402985351 -0.09316042435452641 -0.02728951534859101
0.7856638147426921 2.581391404688391 -0.04869778515225934 0.060512634731850534
7.024072159918583 7.95006464143556 -0.06129870094649697 8.77228462138846E-4
5.031698193583896 0.08329521485423919 0.030213547209310666 0.08178518651444283
5.768280597842782 7.8686808082090804 -0.036420814579490805 0.01244505733212107
2.9300458773902855 4.571076403151798 0.018530056540678942 0.017298874632102067
0.011393428587837854 1 2 
5.0 5.0 0.0 -0.0
2.346967228736837 0.12624434485613867 0.6053588730044277 0.6469268694663315
2.354074088610716 0.13327943851102675 -0.5853938635622409 -0.6405306600329334
2.233823321609375 4.309338928728205 0.09931324933890427 0.08034000406215135
2.39011614690227 7.465258337809717 0.06577661835387753 -0.034931840155608664
9.972450689076872 5.074533481841031 -0.09316042435452641 -0.02728951534859101
0.7851089800051739 2.58208085107087 -0.04869778515225934 0.060512634731850534
7.023373757546821 7.950074636075398 -0.06129870094649697 8.77228462138846E-4
5.032042429476411 0.08422702853633449 0.030213547209310666 0.08178518651444283
5.76786563989276 7.8688226000810655 -0.036420814579490805 0.01244505733212107
2.9302569982662106 4.571273496644569 0.018530056540678942 0.017298874632102067
0.011393428587838098 1 2 
5.0 5.0 0.0 -0.0
2.353864341826427 0.13361505994495698 -0.5264083309151888 -0.690447780387274
2.347404445430461 0.12598159817762072 0.5463733403573756 0.6968439898206721
2.2349548400235437 4.310254276827234 0.09931324933890427 0.08034000406215135
2.3908655681062343 7.464860344383462 0.06577661835387753 -0.034931840155608664
9.971389272434775 5.07422256069671 -0.09316042435452641 -0.02728951534859101
0.7845541452676558 2.5827702974533495 -0.04869778515225934 0.060512634731850534
7.02267535517506 7.950084630715237 -0.06129870094649697 8.77228462138846E-4
5.032386665368925 0.08515884221842981 0.030213547209310666 0.08178518651444283
5.767450681942737 7.8689643919530505 -0.036420814579490805 0.01244505733212107
2.9304681191421356 4.57147059013734 0.018530056540678942 0.017298874632102067
0.01139342858783863 1 2 
5.0 5.0 0.0 -0.0
2.3478667461001015 0.1257484924654829 0.4832221635477243 0.7413742136432038
2.3536295110661216 0.1339210404125071 -0.46325715410553747 -0.7349780042098056
2.2360863584377126 4.311169624926262 0.09931324933890427 0.08034000406215135
2.391614989310199 7.4644623509572074 0.06577661835387753 -0.034931840155608664
9.970327855792679 5.0739116395523896 -0.09316042435452641 -0.02728951534859101
0.7839993105301376 2.583459743835829 -0.04869778515225934 0.060512634731850534
7.021976952803298 7.950094625355075 -0.06129870094649697 8.77228462138846E-4
5.03273090126144 0.08609065590052518 0.030213547209310666 0.08178518651444283
5.767035723992715 7.869106183825036 -0.036420814579490805 0.01244505733212107
2.9306792400180606 4.5716676836301104 0.018530056540678942 0.017298874632102067
0.011393428587838973 1 2 
5.0 5.0 0.0 -0.0
2.3533723033125433 0.13419528662549202 -0.3964307690497103 -0.7737755070482724
2.3483514237630145 0.12554712100791027 0.41639577849189713 0.7801717164816705
2.2372178768518816 4.312084973025291 0.09931324933890427 0.08034000406215135
2.3923644105141633 7.464064357530953 0.06577661835387753 -0.034931840155608664
9.969266439150582 5.073600718408069 -0.09316042435452641 -0.02728951534859101
0.7834444757926194 2.5841491902183082 -0.04869778515225934 0.060512634731850534
7.0212785504315365 7.950104619994914 -0.06129870094649697 8.77228462138846E-4
5.033075137153954 0.08702246958262058 0.030213547209310666 0.08178518651444283
5.766620766042692 7.869247975697021 -0.036420814579490805 0.01244505733212107
2.9308903608939856 4.571864777122881 0.018530056540678942 0.017298874632102067
0.011393428587839096 1 2 
5.0 5.0 0.0 -0.0
2.348855597655353 0.12537933064291854 0.34641316299922575 0.812935194546953
2.3530955993295395 0.13443595174589604 -0.32644815355703893 -0.8065389851135548
2.2383493952660505 4.31300032112432 0.09931324933890427 0.08034000406215135
2.3931138317181277 7.463666364104698 0.06577661835387753 -0.034931840155608664
9.968205022508485 5.073289797263748 -0.09316042435452641 -0.02728951534859101
0.7828896410551013 2.5848386366007876 -0.04869778515225934 0.060512634731850534
7.020580148059775 7.950114614634752 -0.06129870094649697 8.77228462138846E-4
5.033419373046469 0.087954283264716 0.030213547209310666 0.08178518651444283
5.7662058080926695 7.869389767569006 -0.036420814579490805 0.01244505733212107
2.9311014817699106 4.572061870615652 0.018530056540678942 0.017298874632102067
0.01139342858783899 1 2 
5.0 5.0 0.0 -0.0
2.3528024312898723 0.13464144972853023 -0.2538527969161902 -0.8330139952233802
2.3493762356043555 0.12524670741569663 0.27381780635837705 0.8394102046567783
2.2394809136802194 4.3139156692233485 0.09931324933890427 0.08034000406215135
2.3938632529220922 7.463268370678444 0.06577661835387753 -0.034931840155608664
9.967143605866388 5.072978876119428 -0.09316042435452641 -0.02728951534859101
0.7823348063175831 2.585528082983267 -0.04869778515225934 0.060512634731850534
7.019881745688013 7.9501246092745905 -0.06129870094649697 8.77228462138846E-4
5.033763608938983 0.08888609694681139 0.030213547209310666 0.08178518651444283
5.765790850142647 7.869531559440991 -0.036420814579490805 0.01244505733212107
2.9313126026458356 4.572258964108423 0.018530056540678942 0.017298874632102067
0.011393428587838926 1 2 
5.0 5.0 0.0 -0.0
2.3499101775763847 0.12515056426128227 0.19917348856616174 0.8593911402571313
2.3524959592271784 0.13481046763835688 -0.17920847912397492 -0.8529949308237331
2.2406124320943883 4.314831017322377 0.09931324933890427 0.08034000406215135
2.3946126741260567 7.462870377252189 0.06577661835387753 -0.034931840155608664
9.966082189224291 5.072667954975107 -0.09316042435452641 -0.02728951534859101
0.781779971580065 2.5862175293657463 -0.04869778515225934 0.060512634731850534
7.019183343316252 7.950134603914429 -0.06129870094649697 8.77228462138846E-4
5.034107844831498 0.08981791062890679 0.030213547209310666 0.08178518651444283
5.765375892192624 7.869673351312976 -0.036420814579490805 0.01244505733212107
2.9315237235217606 4.572456057601194 0.018530056540678942 0.017298874632102067
0.0113934285878391 1 2 
5.0 5.0 0.0 -0.0
2.352179446494954 0.1349419758468235 -0.103094892535321 -0.8663266187419782
2.3504541602179443 0.12509193080822792 0.12305990197750782 0.8727228281753764
2.2417439505085572 4.315746365421406 0.09931324933890427 0.08034000406215135
2.395362095330021 7.462472383825935 0.06577661835387753 -0.034931840155608664
9.965020772582195 5.072357033830786 -0.09316042435452641 -0.02728951534859101
0.7812251368425468 2.5869069757482257 -0.04869778515225934 0.060512634731850534
7.01848494094449 7.950144598554267 -0.06129870094649697 8.77228462138846E-4
5.034452080724012 0.0907497243110022 0.030213547209310666 0.08178518651444283
5.764960934242602 7.869815143184961 -0.036420814579490805 0.01244505733212107
2.9317348443976856 4.572653151093965 0.018530056540678942 0.017298874632102067
0.011393428587839309 1 2 
5.0 5.0 0.0 -0.0
2.3510048421990817 0.12507154538244247 0.04606814937914533 0.8793017337046192
2.3518562344231517 0.13503523602802123 -0.026103139936958508 -0.872905524271221
2.242875468922726 4.316661713520435 0.09931324933890427 0.08034000406215135
2.3961115165339857 7.46207439039968 0.06577661835387753 -0.034931840155608664
9.963959355940098 5.072046112686466 -0.09316042435452641 -0.02728951534859101
0.7806703021050286 2.587596422130705 -0.04869778515225934 0.060512634731850534
7.017786538572729 7.950154593194106 -0.06129870094649697 8.77228462138846E-4
5.034796316616527 0.09168153799309763 0.030213547209310666 0.08178518651444283
5.764545976292579 7.869956935056946 -0.036420814579490805 0.01244505733212107
2.9319459652736106 4.572850244586736 0.018530056540678942 0.017298874632102067
0.011393428587839248 1 2 
5.0 5.0 0.0 -0.0
2.351529716369207 0.1350898068925693 0.05116885599342667 -0.8726805552271726
2.351558830162362 0.12508984927330669 -0.031203846551239853 0.8790767646605707
2.244006987336895 4.317577061619463 0.09931324933890427 0.08034000406215135
2.39686093773795 7.461676396973425 0.06577661835387753 -0.034931840155608664
9.962897939298001 5.071735191542145 -0.09316042435452641 -0.02728951534859101
0.7801154673675105 2.5882858685131844 -0.04869778515225934 0.060512634731850534
7.017088136200967 7.950164587833944 -0.06129870094649697 8.77228462138846E-4
5.035140552509041 0.09261335167519304 0.030213547209310666 0.08178518651444283
5.764131018342557 7.870098726928931 -0.036420814579490805 0.01244505733212107
2.9321570861495356 4.5730473380795065 0.018530056540678942 0.017298874632102067
0.011393428587839156 1 2 
5.0 5.0 0.0 -0.0
2.352112705075889 0.12514698330659269 -0.10815598674891282 0.8720496681666359
2.351203311365014 0.1351055476146956 0.12812099619109962 -0.8656534587332377
2.245138505751064 4.318492409718492 0.09931324933890427 0.08034000406215135
2.3976103589419147 7.461278403547171 0.06577661835387753 -0.034931840155608664
9.961836522655904 5.0714242703978245 -0.09316042435452641 -0.02728951534859101
0.7795606326299923 2.588975314895664 -0.04869778515225934 0.060512634731850534
7.016389733829206 7.950174582473783 -0.06129870094649697 8.77228462138846E-4
5.035484788401556 0.09354516535728845 0.030213547209310666 0.08178518651444283
5.763716060392534 7.870240518800916 -0.036420814579490805 0.01244505733212107
2.9323682070254606 4.573244431572277 0.018530056540678942 0.017298874632102067
0.011393428587839092 1 2 
5.0 5.0 0.0 -0.0
2.350880437564518 0.13508261892589804 0.2041556656106086 -0.8518788076522374
2.35266304878572 0.12524278675080253 -0.18419065616842178 0.8582750170856356
2.246270024165233 4.319407757817521 0.09931324933890427 0.08034000406215135
2.398359780145879 7.460880410120916 0.06577661835387753 -0.034931840155608664
9.960775106013807 5.071113349253504 -0.09316042435452641 -0.02728951534859101
0.7790057978924741 2.589664761278143 -0.04869778515225934 0.060512634731850534
7.015691331457444 7.950184577113621 -0.06129870094649697 8.77228462138846E-4
5.03582902429407 0.09447697903938386 0.030213547209310666 0.08178518651444283
5.763301102442512 7.870382310672901 -0.036420814579490805 0.01244505733212107
2.9325793279013856 4.573441525065048 0.018530056540678942 0.017298874632102067
0.011393428587839012 1 2 
5.0 5.0 0.0 -0.0
2.3532064705614553 0.12537679856541883 -0.25871736489870206 0.8378597862035795
2.350564485698118 0.13502148186669402 0.2786823743408889 -0.8314635767701813
2.247401542579402 4.3203231059165494 0.09931324933890427 0.08034000406215135
2.3991092013498436 7.460482416694662 0.06577661835387753 -0.034931840155608664
9.95971368937171 5.070802428109183 -0.09316042435452641 -0.02728951534859101
0.778450963154956 2.5903542076606225 -0.04869778515225934 0.060512634731850534
7.0149929290856825 7.9501945717534594 -0.06129870094649697 8.77228462138846E-4
5.036173260186585 0.09540879272147926 0.030213547209310666 0.08178518651444283
5.762886144492489 7.870524102544886 -0.036420814579490805 0.01244505733212107
2.9327904487773107 4.573638618557819 0.018530056540678942 0.017298874632102067
